1 0 3
2 0 3
3 0 3
4 0 3
1 1 2.5084
2 1 2.5056
3 1 2.4962
4 1 2.4922
1 2 2.2444
2 2 2.068
3 2 2.1232
4 2 1.9663
1 3 1.9666
2 3 1.72
3 3 1.7677
4 3 1.538
1 4 1.6418
2 4 1.4019
3 4 1.4386
4 4 1.1858
1 5 1.3298
2 5 1.1146
3 5 1.126
4 5 0.8881
1 6 1.0463
2 6 0.854
3 6 0.8544
4 6 0.6398
1 7 0.7831
2 7 0.6312
3 7 0.6201
4 7 0.467
1 8 0.5556
2 8 0.4525
3 8 0.4326
4 8 0.3377
1 9 0.3803
2 9 0.2999
3 9 0.3083
4 9 0.2231
1 10 0.255
2 10 0.206
3 10 0.1999
4 10 0.1466
1 11 0.1675
2 11 0.1366
3 11 0.1335
4 11 0.0924
1 12 0.103
2 12 0.0865
3 12 0.0782
4 12 0.0596
1 13 0.0615
2 13 0.054
3 13 0.0489
4 13 0.0385
1 14 0.0369
2 14 0.0313
3 14 0.0286
4 14 0.0241
1 15 0.0213
2 15 0.0198
3 15 0.0173
4 15 0.0138
1 16 0.012
2 16 0.0111
3 16 0.0096
4 16 0.0068
1 17 0.0068
2 17 0.0058
3 17 0.0055
4 17 0.0039
1 18 0.0032
2 18 0.0029
3 18 0.0026
4 18 0.0013
1 19 0.0019
2 19 0.0013
3 19 0.0017
4 19 0.0008
1 20 0.0011
2 20 0.0009
3 20 0.0006
4 20 0.0001
1 21 0.0003
2 21 0.0006
3 21 0.0003
4 21 0.0001
1 22 0.0001
2 22 0.0002
3 22 0.0001
4 22 0
1 23 0.0001
2 23 0.0001
3 23 0
4 23 0
1 24 0.0001
2 24 0.0001
3 24 0
4 24 0
